hihi,xxxx,an,1704442532823
nono,nnnn,lee,1704442542917
